Broadcast

Nilai integral: (array([[31316, 26093, 37329, ..., 26912, 27075, 27785],
       [30144, 24447, 32934, ..., 24640, 28404, 28520],
       [28580, 28087, 32505, ..., 24045, 30465, 27768],
       ...,
       [25277, 24123, 27952, ..., 22268, 24211, 26906],
       [29405, 23507, 32887, ..., 26302, 27284, 26958],
       [35750, 25808, 35581, ..., 32804, 30715, 31452]]), array([[34, 52, 46, ..., 73, 51, 59],
       [76, 17, 33, ..., 61, 27, 53],
       [45,  8, 44, ..., 57, 85, 71],
       ...,
       [61, 56, 43, ..., 48, 43, 60],
       [65, 11, 28, ..., 50, 58, 10],
       [64, 50, 69, ...,  1, 77, 49]]))

Runtime: 0.0016930103302001953