Broadcast-Reduce

Nilai integral: (array([[144,  84,  50, 105,  97,  84,  90,  54],
       [109,  67,  28, 105,  50,  79,  63,  55],
       [122,  70,  54,  98, 116,  64,  81,  47],
       [146, 108,  78, 127, 151,  85, 118,  46],
       [104,  93,  69,  84, 129,  88, 111,  40],
       [161, 118,  74, 121, 128,  87, 107,  99],
       [127, 123,  67, 129, 128, 117,  99,  67],
       [134,  93,  56, 149,  91,  87,  79,  65]]), array([[12,  4,  5, 11,  2,  9,  3,  9],
       [10,  4,  4,  4,  4,  8, 11,  6],
       [ 8,  9,  3,  8, 12,  4,  4,  5],
       [ 7,  2,  9,  4, 12, 11,  6,  4],
       [ 2,  7,  9, 13, 13,  5,  6,  1],
       [14,  6,  8,  9,  3,  5,  8,  5],
       [ 5,  4,  8, 13,  5,  9,  9,  4],
       [11,  3,  7,  6,  8,  6,  9,  8]]), array([[ 82,  78,  77, 104, 132, 141, 108, 118],
       [106,  82,  98,  71, 120, 114, 116, 113],
       [ 83,  86,  82,  94, 117, 164, 119, 110],
       [ 65,  59,  57,  67,  91,  96,  77,  78],
       [ 80,  58,  80,  67,  93,  98,  86,  81],
       [ 80,  48,  71,  69,  93,  83,  61,  86],
       [ 69,  39,  41,  38,  73,  72,  47,  57],
       [104, 118,  98, 122, 163, 198, 158, 152]]), array([[ 4,  7,  5,  3, 10, 11, 11,  8],
       [10,  5,  8,  5,  3,  6,  9,  4],
       [ 6,  2, 12,  6,  5, 11,  8,  7],
       [10,  3,  7,  7, 10,  6,  4,  5],
       [ 4,  9,  2, 11, 12,  9,  6,  6],
       [ 5,  0,  5,  6,  3,  3, 10, 11],
       [ 3,  4,  2,  8,  5,  2,  5, 10],
       [12,  1,  9,  6, 12, 14,  8,  7]]), array([[ 89,  40,  50,  69,  28,  85,  75,  89],
       [ 42,  56,  51,  56,  48,  34,  51,  53],
       [109, 118, 122,  88, 113, 128, 137, 158],
       [ 86,  44,  59,  44,  39,  67,  82,  91],
       [ 65,  83,  75,  75,  59,  55,  68,  71],
       [ 53,  65,  68,  36,  84,  72,  95, 101],
       [ 86, 137,  97, 141, 125, 112, 132, 145],
       [ 80,  60,  67,  68,  71,  77,  98, 117]]), array([[ 8,  3,  7,  6,  3,  7,  8,  8],
       [ 4, 10,  7,  5,  5,  3,  7,  7],
       [ 6,  6,  1, 11,  7, 11,  9,  3],
       [ 1,  9,  3,  7,  9,  2,  5,  4],
       [ 5,  9,  3,  5,  3,  4,  9,  9],
       [ 1,  5,  7,  2, 14, 11,  6,  7],
       [11,  6, 10,  9,  3,  8,  5, 10],
       [ 3,  5,  3,  8, 13,  2,  9,  9]]), array([[ 83,  85, 100,  86,  37,  71,  38, 101],
       [ 62,  79,  76, 124,  51,  76,  94, 113],
       [ 53,  69,  42,  34,  31,  99,  47,  34],
       [ 76,  91,  92, 122,  43, 102,  87, 104],
       [ 77, 114,  62, 101,  55, 126,  83,  97],
       [ 76,  81,  89,  81,  43, 134,  98,  52],
       [ 72,  84, 109,  89,  35, 122,  72,  66],
       [ 97, 120, 106, 151,  63, 108, 113, 121]]), array([[10, 10, 12,  4,  2,  1,  0,  2],
       [ 4,  5, 12,  2,  7,  7,  2,  6],
       [ 3,  5,  1,  8,  0,  5,  9, 12],
       [ 7,  7, 11,  3,  9, 12,  8,  3],
       [ 5,  5, 10,  8, 10,  1, 13, 11],
       [ 4,  2,  7, 11,  0, 12, 12,  6],
       [ 8,  5,  1,  4,  2, 14,  7,  6],
       [ 8,  6, 11,  3,  9, 12,  4,  8]]), array([[100,  80,  96, 116,  98,  91,  29,  96],
       [107,  67, 101, 118, 101, 109,  59, 142],
       [126,  79, 112, 126, 100, 109,  47, 117],
       [115,  84, 110, 151, 108, 120,  33, 113],
       [ 70,  52,  60,  62,  54,  58,  52, 108],
       [120,  75, 114, 108,  96,  94,  51, 116],
       [146,  93, 129, 139, 121, 129,  67, 140],
       [130,  86,  88,  89, 108, 106,  63, 113]]), array([[ 6,  9, 12,  7,  2,  4,  5,  4],
       [ 9,  6,  6,  6, 11,  7,  3,  7],
       [10,  5,  6,  7,  6, 13,  7,  7],
       [ 8,  7,  5,  7,  1,  9,  4,  9],
       [ 6,  3,  3,  2,  9,  3, 11, 11],
       [12,  3,  7,  5, 10, 12, 10,  9],
       [12,  7,  9,  4,  9,  7,  5,  8],
       [ 1,  7,  7,  8,  8,  6,  5,  7]]), array([[ 59,  79,  76,  77,  66,  77,  91,  78],
       [ 50,  68,  69,  55,  59,  42,  56,  60],
       [119, 153, 126,  83, 107, 111, 107,  81],
       [125, 182, 164, 124, 153, 118, 167, 112],
       [101, 155, 128, 111, 114, 113, 105, 106],
       [ 92, 103,  85,  93,  93,  88,  84,  93],
       [ 67,  96,  85,  56,  65,  92,  83,  59],
       [ 88, 151, 131, 120, 114, 143, 127, 115]]), array([[ 5,  6,  6,  3,  8,  7,  5,  7],
       [11,  6,  2,  5,  5,  5,  3,  2],
       [12,  9, 10,  5, 10,  0, 10,  7],
       [ 2, 13, 12,  8, 11, 13,  6,  3],
       [10, 10,  8,  8,  9, 11, 10,  7],
       [ 8, 11,  8,  8,  7,  4, 13,  7],
       [ 4,  1,  5,  7,  3,  7,  9,  7],
       [ 7, 11,  1,  9,  3,  9,  6,  5]]), array([[112, 106, 114,  67,  79,  95, 115,  94],
       [152, 101, 125,  92,  91,  81, 122, 124],
       [113,  84,  98,  59,  71,  49, 106,  94],
       [ 51,  76,  61,  40,  51,  63,  86,  93],
       [ 90,  88,  70,  77,  69,  90,  90, 108],
       [ 97,  81,  99,  71,  62,  63,  83,  83],
       [147, 140, 137,  99,  86, 134, 146, 143],
       [178, 106, 163, 116, 111, 101, 130, 125]]), array([[13, 12,  9,  2,  7,  9,  9,  6],
       [ 7,  5,  9,  4, 11,  7,  9,  8],
       [ 5,  5, 10,  4, 10,  3,  7, 12],
       [ 8,  1,  6,  7,  6,  5,  5,  5],
       [ 9,  1, 10,  9,  6,  1,  7,  7],
       [ 8,  5, 12,  8,  3,  8,  2,  9],
       [ 7,  7,  4,  3,  1, 13, 12, 11],
       [12, 11,  5,  3,  8,  8,  5,  4]]), array([[ 79,  91,  86,  67,  73, 122,  40, 118],
       [ 86, 102,  98,  62,  95, 124,  55, 136],
       [ 97,  87,  74,  48,  83,  90,  59,  90],
       [ 79,  83,  60,  51,  61,  67,  45,  94],
       [142, 161, 142,  99, 127, 182,  90, 200],
       [102, 113, 109,  66,  98, 114,  75, 130],
       [172, 171, 186, 127, 147, 185, 111, 190],
       [ 95, 119, 120,  89, 114, 107,  72, 142]]), array([[ 8,  6, 12,  2,  4,  6,  5,  7],
       [11,  5,  6,  2, 11,  8,  4,  4],
       [ 4, 10,  4,  6,  3,  7,  1,  9],
       [ 6,  4,  7,  5,  9,  7,  3, 11],
       [11,  8, 13,  7, 10, 13,  6, 11],
       [ 5,  8,  2,  5,  6,  7,  6,  8],
       [ 9, 12,  7, 12,  7, 11, 10, 11],
       [ 9,  8,  2, 11,  4, 10,  9, 10]]))

Runtime: 0.033280134201049805