P2P

Nilai: (array([[ 84, 120,  67, 104, 112,  81,  67,  84],
       [154, 206, 129, 167, 147,  94, 152, 133],
       [121, 148,  72, 124, 131,  89, 108, 118],
       [133, 164, 106, 149, 147,  97, 132, 125],
       [ 98, 122,  70, 102,  94,  74,  91,  91],
       [ 99, 156, 112, 100,  90,  94, 103,  99],
       [105, 107,  50, 100,  88,  51,  74,  77],
       [142, 190, 112, 132, 126, 102, 129, 125]]), array([[ 2,  7,  6,  4, 10,  8,  2,  9],
       [ 4,  8,  5,  7, 11,  8, 10, 12],
       [ 8,  7,  5, 10, 11, 11,  2,  9],
       [ 9,  9,  6,  7,  8, 10,  5,  8],
       [11,  9,  2, 11,  8,  9,  3,  5],
       [ 8, 10, 11,  4,  1,  8, 14,  5],
       [ 5,  8,  4,  5,  8,  6,  5,  8],
       [ 9,  7,  4,  9, 10,  7, 12, 12]]))

Runtime: 0.010933792