Reduce

Nilai integral: (array([[203, 162, 117, 145, 208, 132, 131, 108],
       [254, 214, 151, 176, 247, 177, 187, 139],
       [144, 140,  78, 106, 138, 125, 115,  93],
       [111,  95,  85,  67, 109,  92,  56, 103],
       [155, 135,  76, 112, 152,  80, 132,  91],
       [ 92,  64,  48,  72, 104,  41,  62,  13],
       [111,  82,  90,  85, 119,  69, 103,  24],
       [218, 153, 114, 137, 197, 107, 136, 124]]), array([[12, 10,  6, 12, 10,  6,  6,  6],
       [13,  5, 11,  9,  7,  9,  7, 14],
       [12,  4,  5, 11,  9,  3,  8,  6],
       [ 9, 12,  6,  7,  8,  9,  7,  8],
       [11,  5,  2,  4, 12,  7, 10,  5],
       [10,  4, 12,  6,  7,  7,  7,  0],
       [ 7,  6,  1,  9,  5,  9,  6,  7],
       [ 7, 12, 11,  3,  5, 14,  7,  7]]), array([[141, 138, 186, 120, 224, 156, 150, 126],
       [ 90,  74, 111,  90, 131,  84,  91,  72],
       [109,  81, 123, 116, 149,  94, 116,  79],
       [ 75,  82,  87,  77, 134,  65,  70,  74],
       [117, 118, 144,  98, 170,  98, 130,  90],
       [ 92,  64, 127, 104, 157, 127,  96,  97],
       [114,  82, 164, 129, 178, 129, 137, 104],
       [ 83,  73,  99,  75, 129,  95,  88,  77]]), array([[10, 12,  8,  4, 11,  3,  6,  7],
       [ 6,  6, 12,  7,  8,  9,  6,  8],
       [ 3,  2,  9, 12,  5,  8,  8,  3],
       [11,  8,  7,  2,  5, 11,  9,  9],
       [10,  5,  8,  9,  7, 11, 12,  9],
       [ 6, 10,  6,  8, 12,  3,  3,  6],
       [ 5, 10, 12,  9,  6,  6, 11,  9],
       [ 2,  3,  6,  6, 11,  9,  7,  7]]), array([[164, 138, 110, 113, 106, 100, 139,  88],
       [ 89,  84,  68,  47,  40,  80,  69,  26],
       [203, 180, 127, 130, 111, 136, 162,  71],
       [146, 135, 110, 117,  70, 120, 135,  71],
       [123, 127,  92,  92,  56, 105, 101,  53],
       [165, 142,  98, 118,  99,  95, 132,  75],
       [111,  87,  88,  59,  86,  69,  94,  74],
       [160, 133, 111,  59,  73, 112, 101,  55]]), array([[ 7, 11,  5, 11,  8,  2,  9,  7],
       [ 7,  7,  7,  5,  6,  7, 10,  1],
       [13,  9,  8,  5,  8,  2,  8,  4],
       [10, 11,  4, 13,  9,  7, 10,  8],
       [ 4, 12,  7,  8,  7,  7,  5,  2],
       [ 7,  4, 11,  7,  4,  3,  5,  6],
       [11,  8,  3,  3,  4,  7,  7,  7],
       [ 9, 10, 12,  0, 12,  5,  6, 12]]), array([[120,  80, 123, 110,  80,  93, 102, 146],
       [ 71,  43,  39,  39,  50,  61,  66,  77],
       [ 70,  48,  68,  59,  27,  84,  83, 107],
       [120, 100, 123,  87, 108, 114, 107, 137],
       [ 83,  54,  47,  35,  65,  70,  59,  71],
       [138,  78,  83,  89,  95,  88,  94, 117],
       [ 53,  51,  68,  61,  37,  47,  56,  54],
       [ 64,  63,  83,  83,  39,  90,  91,  51]]), array([[ 9, 12, 10,  9,  9,  7, 10,  6],
       [ 0,  3, 11,  4,  7,  7, 11,  7],
       [ 3, 14,  8,  2,  5,  4,  9,  8],
       [11,  7,  8,  6, 14,  3,  4,  6],
       [ 1,  2,  5,  5,  2,  2,  6,  5],
       [ 7,  1, 10, 12,  9,  5,  7,  7],
       [13,  1,  0,  4,  5,  3,  4,  9],
       [11,  4,  1,  3,  7, 10,  6,  7]]), array([[ 78,  87,  58,  85,  97,  65,  59,  52],
       [ 90,  80,  77,  73,  79,  72,  71,  92],
       [ 75, 119, 106, 110, 132,  79,  71, 119],
       [162, 129, 129,  93, 129, 102, 114, 129],
       [ 19,  55,  42,  32,  59,  20,  28,  52],
       [100, 101,  75,  71, 123, 110,  76,  93],
       [152, 162, 121,  60, 177,  86, 100, 100],
       [121, 171, 142, 116, 176,  75, 101, 139]]), array([[ 8,  7,  7,  9,  3,  0,  8,  6],
       [ 6,  5,  8, 10,  0,  7,  3,  9],
       [ 7, 12,  4,  5, 11, 11, 10,  5],
       [13, 11,  6, 11,  9,  7,  2,  7],
       [ 4,  6,  6,  1,  8,  5,  2,  7],
       [ 0, 10, 10,  7,  7,  5,  3,  6],
       [ 1,  6, 10, 12, 14,  1,  5,  7],
       [12,  9,  9,  5,  7,  6, 12,  7]]), array([[ 67,  99, 105, 114,  81, 137, 118,  78],
       [ 94, 105, 141, 115,  96, 116, 169,  57],
       [ 66,  48,  97,  82,  56, 111, 104,  77],
       [114,  76, 132,  99,  89, 124, 141, 101],
       [109,  61, 119,  97,  89, 106, 145,  78],
       [ 88,  58,  84,  44,  33,  58,  98,  61],
       [ 91,  73, 105,  78,  68,  81, 121,  60],
       [ 89,  74, 125, 103,  85, 118, 140,  75]]), array([[ 7,  6,  9,  7,  6,  7,  7,  4],
       [ 8,  2, 13, 11,  8,  9,  1, 10],
       [ 1,  7,  7, 10,  8,  9,  8,  7],
       [ 4,  3,  8,  9,  7, 13, 10,  7],
       [11,  7,  9,  5,  0,  5,  7,  7],
       [ 4,  3,  0,  5,  7, 10,  7,  9],
       [12,  1, 11,  5,  3, 10,  6, 11],
       [ 9,  4,  9,  7,  8,  5,  6,  8]]), array([[106,  56,  89, 130,  71, 115, 115,  76],
       [ 88,  64,  79,  88,  75, 104,  64,  58],
       [136, 132, 189, 203, 154, 223, 160, 128],
       [103, 108, 158, 162, 121, 183, 124, 102],
       [ 59,  53,  80,  81,  73,  93,  85,  49],
       [130, 112, 167, 190, 134, 186, 165, 119],
       [104,  79, 102, 112,  97, 113, 120,  68],
       [106,  65,  98, 130,  74, 130,  85,  81]]), array([[ 2, 12, 12,  5,  7, 13,  3, 12],
       [ 7,  8,  6,  7,  3,  5,  8,  4],
       [13,  5,  8, 12,  5, 12, 10,  4],
       [10,  6, 11,  7, 12,  9, 11,  1],
       [ 5,  5,  7, 10,  7,  9,  7,  4],
       [ 7,  4,  9,  7,  7, 10,  6,  9],
       [ 6, 10, 11,  9, 10,  6,  3, 11],
       [ 5,  8,  9,  4,  7,  5, 12,  3]]), array([[ 85,  71,  91, 105,  94,  87, 101, 114],
       [131,  80, 133, 127, 114, 132, 146, 147],
       [121,  69, 142, 105,  97, 124, 131, 124],
       [ 54,   9,  39,  33,  51,  43,  57,  47],
       [ 90,  72, 111, 133, 133,  80,  98, 140],
       [ 97,  65, 111, 107,  99,  96, 120, 100],
       [156, 107, 176, 155, 129, 182, 147, 173],
       [ 66,  68, 101, 104,  76,  85,  58,  89]]), array([[ 5,  5,  9,  9,  6,  7,  0, 11],
       [10,  7,  5,  8,  6,  7,  8,  8],
       [ 4,  8,  0, 13,  9,  6,  5, 13],
       [ 6, 12,  8,  7,  0,  6,  6, 10],
       [ 4,  6, 11,  7,  8,  4, 10,  8],
       [ 4,  7,  4,  3,  8,  9,  5,  5],
       [11,  7,  8, 13,  8,  9,  4, 11],
       [ 8,  0,  8,  4, 11,  5, 13,  7]]))

Runtime: 0.005605220794677734