MnThreading

Nilai integral: (array([[73704, 71087, 65752, ..., 66438, 78062, 72782],
       [56066, 63229, 54436, ..., 54588, 64179, 61455],
       [58867, 59622, 51278, ..., 59032, 67383, 63012],
       ...,
       [55803, 55284, 49888, ..., 54969, 59940, 63292],
       [68257, 69123, 58369, ..., 66935, 70028, 69952],
       [65583, 72172, 61757, ..., 60597, 69647, 62075]]), array([[ 50,  72, 103, ...,  22,  41,  55],
       [ 39,  64,  57, ...,  36,  60,  87],
       [ 15,  83, 104, ...,  87,  16,  83],
       ...,
       [ 42,  90,  47, ...,  94,  94,  48],
       [ 12,  97, 113, ..., 111,  32,  46],
       [ 53,  48,  47, ...,  77,  99,  66]]))

Runtime: 0.012070655822753906