Serial

Hasil: (array([[32318, 28844, 31938, ..., 27368, 34753, 33796],
       [24931, 24182, 26074, ..., 22624, 28972, 27940],
       [32385, 28591, 28032, ..., 25652, 30883, 33166],
       ...,
       [30185, 26303, 27414, ..., 23332, 29893, 31686],
       [36193, 30112, 32818, ..., 29082, 33571, 35566],
       [27216, 25421, 26891, ..., 24052, 30704, 27383]]), array([[58, 63, 63, ..., 39, 55, 59],
       [61, 79, 65, ..., 41, 64, 42],
       [27, 48, 44, ..., 27, 86, 83],
       ...,
       [50, 18, 63, ..., 92, 55, 45],
       [68, 63, 65, ..., 45,  0, 65],
       [75, 61, 40, ..., 79, 40, 47]]))

Runtime: 0.00042700767517089844