Scatter-Gather

Nilai: [(array([[149,  44, 144, 127, 110, 117, 133, 129],
       [142,  68, 136, 151, 154, 110, 161, 128],
       [ 81,  32,  86, 103,  92,  86, 102,  75],
       [126,  88, 149, 124, 139,  90, 145, 130],
       [146,  60, 140, 130, 104,  92, 135, 131],
       [186,  66, 161, 134, 147, 130, 183, 132],
       [113,  18,  72,  68, 103,  91, 123,  49],
       [140,  56, 128, 105, 133, 113, 159,  98]]), array([[14,  4,  6, 14,  7,  7,  9,  8],
       [10, 13,  8,  5,  9,  4, 14,  5],
       [ 9,  2,  2,  6,  6,  3,  4,  6],
       [ 4,  9,  9,  6,  7,  9,  4, 10],
       [ 7,  4,  9, 13,  6,  8,  1,  9],
       [ 9, 12,  7,  9,  9,  4, 11, 10],
       [ 9,  2,  3,  2,  7,  7, 10,  9],
       [14,  3,  4,  6,  8, 10, 12,  6]])), (array([[ 52,  76,  45,  45,  70,  59,  64,  58],
       [ 96, 138,  93,  95, 139, 127, 105, 128],
       [ 77, 109,  74,  65, 123, 108,  61, 114],
       [111, 153, 117, 105, 156, 154, 104, 143],
       [ 92, 130,  90,  84, 109, 110, 106, 100],
       [ 95, 139, 116, 107, 133, 138, 106, 112],
       [117, 149, 124, 106, 193, 178, 101, 169],
       [135, 177, 135, 115, 176, 176, 138, 156]]), array([[ 7,  9,  2,  5,  2,  3,  9,  1],
       [10, 10,  8,  6,  9, 11,  6,  6],
       [ 4, 12, 10,  9,  8, 13,  5,  9],
       [ 4,  7,  6, 12,  9,  9,  6,  8],
       [13,  9, 10,  4,  6, 10,  8,  1],
       [ 7,  8,  7,  6,  8,  4,  4,  7],
       [ 4,  7, 10,  7,  8, 10, 11,  6],
       [ 8, 14,  9, 10, 11,  8,  9,  4]])), (array([[117,  92,  99,  79, 112,  79,  76,  94],
       [119,  84, 115, 119,  80,  57, 113, 100],
       [118, 114, 148, 135, 127,  78,  74, 139],
       [141, 114, 141, 147, 134,  83,  93, 172],
       [187, 121, 172, 171, 136, 102, 137, 166],
       [ 95,  78,  94, 102,  71,  45,  82,  99],
       [171, 140, 158, 134, 139, 105, 102, 131],
       [ 99, 113, 132, 152, 121,  46,  92, 129]]), array([[ 8,  6, 10,  6, 12,  3,  1, 10],
       [ 7,  8, 11,  6,  6,  7,  4,  5],
       [12,  9,  7, 10,  4,  8, 12,  5],
       [ 4,  0, 12, 10,  5,  7, 12, 12],
       [ 9, 11, 13, 13, 10,  2, 13,  7],
       [ 0,  7, 13,  8,  7,  4,  2,  9],
       [12,  9,  9,  7,  4,  6,  5, 10],
       [ 9,  3,  3,  2, 13, 12,  7,  6]])), (array([[ 60,  45,  42,  51,  34,  61,  37,  24],
       [131, 110, 102, 117, 105, 125, 106,  65],
       [136,  95, 103, 125,  97, 104, 122,  81],
       [153,  61,  56, 117,  94,  95, 128,  71],
       [112,  87,  80,  98,  71, 103,  76,  48],
       [126,  75,  64,  97,  83, 116,  87,  49],
       [174, 102, 130, 141, 136, 161, 149,  76],
       [131,  57,  67,  94, 114,  88, 120,  33]]), array([[ 4,  4,  3,  4,  8,  9, 10,  1],
       [10,  3,  9,  9, 13,  4, 11,  3],
       [ 6,  5,  5,  8, 11,  7, 10, 10],
       [ 8,  9,  6, 12,  3,  3,  9,  7],
       [ 1,  9,  9,  6,  8,  8,  7,  3],
       [ 8,  6, 11,  9,  2, 10,  6,  3],
       [11,  8,  6,  4,  5, 12,  8,  5],
       [10,  7,  4, 11,  1,  2,  8,  9]])), (array([[ 79, 123,  84,  73, 101,  43, 142,  84],
       [115, 139,  99, 135, 135,  55, 149, 106],
       [120, 107,  95,  73, 102,  33, 148,  46],
       [ 56,  63,  52,  62,  76,  13,  91,  52],
       [ 47,  60,  65,  27,  55,  14, 121,  28],
       [ 91, 145, 130, 103, 111,  40, 192,  99],
       [ 86,  93,  85,  62,  48,  13,  90,  56],
       [ 79,  90,  88,  81,  67,  10, 110,  70]]), array([[ 6,  9,  3,  9,  5,  6,  9, 10],
       [ 6,  6,  7,  3,  5,  6, 12,  3],
       [ 4,  4,  7, 10,  6,  5, 13,  7],
       [ 0,  4,  3,  6,  6,  5, 10,  2],
       [ 1, 12,  8, 13,  4,  1,  5, 11],
       [10,  9,  7, 10, 10,  1,  4, 10],
       [ 5, 10,  2,  5, 11,  8,  5,  9],
       [ 7, 11,  7,  3,  6,  8,  6,  4]])), (array([[140, 171, 199, 171, 149, 158, 140, 149],
       [ 74, 123, 131, 114, 128, 121,  93, 112],
       [115, 106, 114,  95,  88,  83,  61,  57],
       [ 98, 113, 110,  92,  74,  88,  79,  78],
       [112,  95,  93,  83,  74,  85,  73,  56],
       [ 90,  77, 106, 116,  87, 116,  83,  78],
       [102, 128, 148, 130, 117, 127,  97, 102],
       [ 93, 105, 117,  95,  66,  72,  72,  80]]), array([[ 5,  4,  8, 14, 11, 12, 10, 11],
       [12,  4,  8,  4,  5,  3,  9,  4],
       [ 4, 14,  5,  4,  8, 12, 11,  3],
       [ 6,  8, 10, 11,  3,  9,  7,  8],
       [ 3, 11, 12, 10,  2, 12,  4,  4],
       [14,  7,  9,  7,  2,  5,  3,  0],
       [ 8, 10, 11,  6,  9,  7,  8,  7],
       [ 2,  3,  4,  6,  7,  6, 10,  6]])), (array([[ 33,  75,  61,  67,  40,  82,  69,  48],
       [ 60,  63, 109,  58,  61,  90,  79,  77],
       [ 79, 100, 109,  82,  49,  99,  87,  69],
       [ 16,  62,  28,  74,  50,  61,  45,  26],
       [ 43,  78,  89,  85,  85, 102,  87,  70],
       [ 72, 157, 139, 147, 115, 153, 133,  96],
       [ 67, 143, 108, 132, 105, 133, 122,  74],
       [ 56,  68, 108,  67,  78,  92,  84,  78]]), array([[ 7,  3, 11,  0,  0,  9, 10,  6],
       [ 9,  5,  5,  3,  6,  2,  1,  8],
       [ 6, 10,  3,  9,  5,  7,  8,  5],
       [ 3,  8,  6, 10,  8,  5,  6,  0],
       [ 2,  6, 10,  8, 10,  6,  4, 10],
       [ 2, 10, 13,  4,  7, 10, 12,  8],
       [ 2, 14, 10, 11,  1,  8,  4,  2],
       [ 6,  5,  6,  4, 10,  8,  5, 11]])), (array([[ 82, 111, 114,  66,  79,  72,  61,  35],
       [106, 166, 154,  91, 118, 132, 112, 105],
       [ 56,  86,  73,  50,  94,  65,  47,  58],
       [ 66, 112,  90,  71,  88, 101,  67,  43],
       [101, 116, 100,  68, 100,  99,  67,  68],
       [ 78, 120, 116,  60,  96,  88,  64,  70],
       [ 68, 137,  98,  84, 112, 133,  82,  56],
       [ 89, 114, 117,  64, 111,  83,  79,  97]]), array([[ 5, 14,  3, 12,  8,  8,  1, 10],
       [ 9,  6,  8,  6, 10,  4,  2,  9],
       [ 8,  6,  6,  8,  4,  9,  8,  5],
       [ 4,  6,  6, 10,  4,  3,  6,  6],
       [ 8, 10,  9,  0,  2,  5,  5, 11],
       [ 2, 11,  3,  8, 13,  7,  9,  8],
       [ 4,  4,  2,  7,  9, 10,  8,  9],
       [ 5, 12, 10, 10,  6, 10,  6,  0]]))]

Runtime: 0.011840343475341797