Gather

Nilai integral: [(array([[ 76, 129,  63, 126, 160, 156, 115,  73],
       [ 41,  93,  20,  64, 110,  89,  77,  65],
       [ 53,  81,  58,  65, 103, 102,  55,  49],
       [ 75, 110,  73, 107, 139, 116, 108,  47],
       [ 83, 131,  59, 144, 153, 154, 107,  58],
       [ 63,  75,  58,  98,  81, 110,  56,  25],
       [ 90, 105,  77, 138, 139, 149,  80,  47],
       [ 59, 109,  48,  94, 117, 106,  90,  31]]), array([[ 6,  9,  5, 12,  7,  8,  7,  6],
       [ 3,  2,  7, 11,  1, 12,  7,  2],
       [ 8,  9, 10,  4,  7,  5,  6,  3],
       [ 7,  7,  8,  9,  4, 14,  3,  8],
       [13,  9,  3, 10,  8, 12,  4,  6],
       [ 4, 11,  1,  6,  7,  6,  7,  4],
       [ 9, 11,  2,  5, 12,  5,  1,  8],
       [ 9,  9,  1,  2,  8,  9, 10,  4]])), (array([[119,  96,  79,  84,  86,  84, 109,  68],
       [147, 125, 102, 133, 110,  90, 108,  95],
       [135, 106,  86, 102,  90,  74,  96,  89],
       [103,  65,  93,  79,  61,  66,  93,  65],
       [109,  90,  60,  92,  78,  76,  88,  65],
       [ 98, 107, 123, 153, 103,  64, 109,  78],
       [160, 137, 134, 137, 119, 132, 142, 103],
       [120,  88, 113, 140,  92,  42, 101,  87]]), array([[ 4,  4,  7,  9,  9, 11, 10, 10],
       [ 9,  9, 12, 11,  2,  9,  4,  5],
       [ 7,  9,  7, 14,  7,  5,  6,  5],
       [10,  5,  2,  6,  9,  2,  6, 11],
       [ 5,  4,  8,  8,  1,  6,  7,  1],
       [12, 12,  7,  4,  7,  7,  6,  2],
       [14,  6,  3,  3,  7, 12, 10, 10],
       [ 6, 12, 13,  8,  7,  0,  1,  2]])), (array([[ 63, 112,  68,  75, 103,  20, 135,  87],
       [ 92, 116,  93, 116, 109,  38, 130,  78],
       [ 86, 151,  80, 129, 126,  39, 139, 102],
       [ 75,  96,  95,  75, 106,  29, 132,  81],
       [ 71,  90,  76, 125,  96,  17,  79,  63],
       [ 41, 124,  41, 111,  66,  31,  76,  63],
       [ 78, 120, 104, 108, 137,  21, 160, 106],
       [ 48, 143,  55, 128, 100,  22, 111,  88]]), array([[ 6,  5,  8,  7,  8,  6, 11,  2],
       [ 5,  6,  8,  8,  8,  9, 11,  2],
       [ 7,  6, 10,  6,  9,  3, 10,  9],
       [ 4, 10,  7,  5,  3,  7,  8,  2],
       [ 9,  9,  3,  9,  7,  3,  1,  5],
       [ 2,  6,  6, 12, 11,  5,  5,  6],
       [10, 10,  8,  0,  4,  9, 12,  4],
       [10,  1, 12,  5,  7,  8,  2,  4]])), (array([[143, 136, 117, 134, 139, 134, 161, 146],
       [105, 110, 117, 103, 112,  98, 137, 131],
       [ 99,  58,  72,  84,  82,  87, 106,  85],
       [100,  94, 114,  84, 116, 109, 130, 137],
       [ 76,  75, 108,  82, 121, 106,  99, 106],
       [ 68,  48,  64,  55,  72,  77,  82,  81],
       [ 47,  75,  84,  43,  89,  76,  85, 118],
       [ 97,  75,  80,  89, 134, 133, 105, 114]]), array([[ 1,  7,  8,  7,  8, 11,  8, 13],
       [ 8,  7, 10,  8, 12,  7, 12, 10],
       [ 7,  9,  5,  0,  6,  6,  8,  7],
       [ 4, 11,  7,  9,  7,  2,  5,  8],
       [ 4, 11,  7,  9,  6,  2,  8,  8],
       [ 3,  3,  8,  4,  7,  9,  4,  3],
       [11,  5,  7,  4,  7,  3,  7,  9],
       [ 6,  9, 12,  5,  4,  9,  3,  8]])), (array([[159, 105, 129,  97, 152, 171, 116, 118],
       [189, 143, 183, 160, 204, 175, 174, 173],
       [105,  67,  96,  71, 119, 128,  82,  90],
       [147, 111, 133, 113, 157, 128, 121, 146],
       [136,  92, 126,  99, 153,  96, 105, 103],
       [132, 122, 128,  96, 157, 158, 129, 130],
       [161, 116, 157, 138, 168, 146, 166, 161],
       [116,  93,  85,  97,  82, 116,  98, 109]]), array([[ 2, 13,  8,  7, 13,  5, 11, 10],
       [ 9,  7,  6,  7,  6, 14,  9,  4],
       [ 6,  8,  4,  8,  6, 13, 12,  7],
       [13,  5,  9,  8,  4,  5, 10,  7],
       [10,  5,  1, 10, 14,  6,  4,  8],
       [ 8,  9,  8,  5, 11, 13, 10,  8],
       [12,  0, 13,  6, 10, 11,  3, 10],
       [11,  5, 12,  7,  6,  5,  8,  6]])), (array([[123, 132, 179,  96, 114,  56,  80,  88],
       [ 85,  99, 118,  91,  52,  67,  62,  69],
       [135, 121, 147, 108, 121, 109, 128, 125],
       [ 88, 108, 146, 106,  80,  85,  86,  97],
       [ 82,  68, 110,  73,  67,  84,  77,  88],
       [132, 162, 191, 106, 105,  93, 112,  97],
       [ 74,  70, 103,  74,  76,  61,  69,  79],
       [104, 110, 163,  97,  99,  93,  99, 108]]), array([[11,  6, 10,  7, 13,  7,  2,  7],
       [ 4, 12,  6,  7,  5,  3,  3,  5],
       [ 3,  5,  9,  8,  5,  7,  8,  1],
       [ 8,  6, 14, 12,  8,  5, 11, 11],
       [ 5, 10,  6,  7,  3,  5,  2,  9],
       [ 8, 11, 11,  0, 11, 11, 12,  6],
       [ 5,  4,  5,  9,  2,  7,  8,  4],
       [ 6,  5, 12,  8,  4, 11,  7, 12]])), (array([[110, 105,  87, 155, 160, 114,  72, 147],
       [134, 128,  95, 130, 159, 138,  70, 132],
       [ 47,  71,  56, 110, 101,  93,  52, 106],
       [ 64,  66,  68,  77,  97,  86,  38,  78],
       [118, 160, 107, 196, 181, 164,  83, 182],
       [ 93, 107,  76, 137, 149, 116,  53, 125],
       [102, 123,  87, 152, 140, 127,  81, 140],
       [ 72,  78,  33, 112,  86,  91,  50, 103]]), array([[ 5,  3,  4, 13, 11,  8,  9, 11],
       [ 2,  8,  8, 11,  6, 13,  5, 10],
       [10,  7,  7,  3,  6,  5,  3,  6],
       [ 5,  7, 12,  8,  8,  4,  7, 11],
       [10,  9,  7,  4,  6, 14,  5,  8],
       [11,  8,  9,  9,  7,  6,  0, 10],
       [ 2,  4,  1, 11,  8,  9,  3, 10],
       [ 4,  5,  7,  7, 12, 10,  6,  4]])), (array([[ 65,  75, 105,  91,  42,  84,  72, 127],
       [ 92, 113, 156, 148,  77, 104, 118, 156],
       [116, 101, 163, 131,  66, 104, 115, 158],
       [ 75,  76, 105,  86,  59, 101,  57, 117],
       [ 78,  77, 101, 102,  49,  88,  81, 103],
       [117,  96, 171, 127,  81,  71, 106, 159],
       [ 82,  77, 118,  87,  42, 104,  79, 122],
       [121, 131, 183, 161,  74, 143, 136, 192]]), array([[ 2, 13, 10,  7,  3,  8,  6,  5],
       [ 4, 12,  5, 10,  9, 14,  6, 10],
       [ 8,  8, 11,  3,  8,  3,  3, 14],
       [ 6,  4, 11,  8,  2,  6, 12,  6],
       [12,  5,  6,  4,  6,  0, 10, 11],
       [ 1,  9, 11,  6, 11,  6,  3, 10],
       [ 8,  5,  8, 11,  8,  7,  4,  6],
       [ 9,  7,  8,  7, 11,  4,  6,  3]]))]

Runtime: 0.014339685440063477