Scatter-Reduce

Nilainya: (array([[ 77, 130,  94, 132,  89,  59,  67, 114],
       [ 94, 105,  66, 117,  82,  68, 102, 128],
       [ 47,  63,  47,  56,  34,  26,  58,  68],
       [102, 105, 105,  99,  74,  42, 123, 121],
       [109, 176, 164, 182, 125,  76, 102, 150],
       [ 69,  96,  95, 103,  84,  50,  77,  93],
       [ 89,  73,  79,  93,  68,  48,  86,  90],
       [ 98, 137, 146, 132,  85,  53, 119, 133]]), array([[ 9,  9,  8, 12,  7,  9,  1,  3],
       [ 4,  6,  6,  9,  6,  0,  8,  4],
       [ 4,  4,  4,  8,  9,  5,  6,  5],
       [ 4, 10,  2,  8, 10, 11,  5,  8],
       [13,  8,  5,  8,  6,  7,  9, 12],
       [ 6,  7,  9,  7,  1,  0,  7, 11],
       [ 9,  7, 10,  3,  1,  4, 12,  6],
       [ 6,  7,  9,  7,  8,  7, 10, 11]]), array([[165, 104, 121, 141, 123, 137, 118, 137],
       [166, 113,  93, 117, 132, 147, 101, 138],
       [220, 134, 164, 165, 139, 160, 167, 158],
       [119, 110, 144, 109, 150,  96, 102,  92],
       [106,  49,  86,  93,  76,  44,  73,  81],
       [120, 113, 137, 116, 113, 113, 126,  97],
       [114, 100, 125,  83, 105,  96, 118,  91],
       [ 99,  55,  76,  83,  80,  73,  71,  83]]), array([[10,  5, 10,  9,  6,  8,  7, 10],
       [ 2,  7, 12, 13,  6, 13,  7,  8],
       [14,  5,  9,  7,  6,  7,  5,  8],
       [ 5,  6,  8, 11, 13,  3,  9,  7],
       [ 7,  8, 11,  4,  7,  9,  9,  3],
       [ 9,  6,  7, 12, 13,  5,  3,  9],
       [ 7,  7,  8,  8, 13,  0,  5,  4],
       [ 9, 10,  4,  8,  3, 10,  5,  5]]), array([[ 45, 100, 107, 102,  65,  67,  84, 148],
       [ 21,  52,  57,  67,  29,  59,  40,  95],
       [ 33,  92, 107, 107,  94,  76,  89, 194],
       [ 75, 129,  83, 127,  56,  65,  86, 127],
       [ 71, 103, 108, 123,  55,  93,  72, 162],
       [ 28,  60,  73,  74,  34,  71,  29, 102],
       [ 14,  67,  75,  90,  75,  67,  59, 155],
       [ 60,  65,  83,  48,  68,  61,  57, 138]]), array([[ 2,  3,  8, 13,  8,  5,  5, 12],
       [ 3,  2,  5,  2,  5,  2, 10,  9],
       [ 5, 12,  7,  9,  5,  1, 14, 10],
       [ 1,  5, 12, 13,  5, 11,  1,  7],
       [ 8,  1, 11,  4,  9,  7,  9,  8],
       [10,  7,  1, 10,  3,  6,  7,  7],
       [ 6,  6,  8,  2,  0,  5,  7, 11],
       [ 1,  6,  3,  2, 12,  6,  8,  9]]), array([[ 78,  52,  54,  63,  83,  80,  95,  79],
       [ 40,  45,  49,  53,  47,  31,  63,  42],
       [111, 147, 129, 123, 112, 134, 109, 130],
       [109,  94,  79,  92,  82,  87,  95,  85],
       [109,  95,  86, 110, 100,  82, 126,  89],
       [ 68,  84,  70,  64,  62,  74,  49,  67],
       [105,  92, 102, 111, 124, 105, 129, 129],
       [155, 125,  76, 128, 130, 148, 148, 118]]), array([[ 7,  5,  6,  8,  6,  5,  6,  9],
       [11,  5,  0,  4,  6,  4,  9,  0],
       [ 9,  6,  8,  5,  6,  8,  6,  9],
       [11,  5,  7,  6,  7,  6, 10,  9],
       [ 7, 12,  8, 10,  9,  3, 10,  1],
       [ 5,  2,  8,  2,  5,  5,  3,  9],
       [12,  4, 10, 13,  5,  6,  6,  9],
       [ 2, 13, 11,  9,  5, 13,  5,  5]]), array([[ 43,  63,  72,  90,  87,  63,  88,  90],
       [104, 173, 138, 121, 158, 118,  82, 112],
       [ 74, 110,  96, 110, 108,  87,  81, 100],
       [ 48, 106, 111,  96, 121,  57,  45,  78],
       [ 63, 117,  96,  99, 132,  92,  86,  97],
       [ 89, 153, 155, 117, 127, 136,  72,  62],
       [100, 148, 163, 152, 120, 140,  95,  75],
       [ 57, 109, 144, 117, 123,  84,  69,  78]]), array([[ 6, 12,  8,  9, 13,  1,  5,  4],
       [ 8,  7,  5,  0, 10, 10, 12, 12],
       [ 5, 10,  9,  6, 13, 11,  5,  3],
       [10,  2, 10,  8,  5,  5,  9,  4],
       [ 4,  8,  5,  8,  9,  3,  4, 12],
       [10,  9, 11,  9,  1, 13,  6,  7],
       [ 7,  7, 14,  9,  9,  8,  3,  6],
       [ 8,  5,  5,  4,  8,  0,  5,  2]]), array([[ 84,  71,  50,  73,  97,  68,  56,  97],
       [180, 129, 134, 154, 162, 146, 131, 179],
       [ 77, 102,  74,  93, 103,  92,  64, 110],
       [106,  88,  87,  99,  91,  97,  73, 103],
       [121,  77,  75,  91, 123,  93,  82, 120],
       [ 82,  62,  58,  63,  69,  66,  61,  74],
       [ 68,  88,  66,  92, 101, 107,  54,  74],
       [114,  88,  91,  89,  93,  95,  87, 125]]), array([[10,  2,  4,  6,  5,  7,  2, 10],
       [11,  5,  8,  4, 10,  8,  6,  6],
       [ 7,  7,  4, 12,  6,  6, 10, 10],
       [ 5, 10,  4,  4,  8,  3,  6, 10],
       [10, 10, 13,  5,  3, 12, 10,  6],
       [ 2,  6,  6,  0, 10,  6,  5,  7],
       [ 2,  9,  6,  7,  1, 10,  7,  7],
       [ 6, 11,  4, 10, 14,  8,  4,  8]]), array([[107, 163, 133, 112, 137, 185, 167, 196],
       [ 56,  93,  65,  75,  71, 137,  93, 114],
       [ 84, 115,  45,  97,  86, 114, 118, 127],
       [ 96, 109,  84,  96,  95, 129,  98, 129],
       [ 74, 116,  71, 113,  93, 160, 138, 144],
       [100, 130,  99,  79, 115, 167, 110, 145],
       [ 47, 117,  68,  97,  59, 103, 115, 150],
       [ 76,  87,  97, 120,  91, 126, 141, 165]]), array([[ 6, 11,  8, 13,  0,  9, 13, 13],
       [ 6, 12,  0,  4,  9, 10,  6, 14],
       [ 8,  7,  4,  3,  8,  3,  7,  7],
       [ 4,  8,  5,  7, 12, 11, 14,  3],
       [ 6,  8,  0, 13,  6,  3,  4, 11],
       [ 1, 14,  7,  8,  4, 12,  6,  9],
       [14,  6, 11,  4,  8, 10,  3,  4],
       [ 6,  2, 12,  6,  7,  6,  6, 12]]), array([[125,  61,  82, 151, 111,  66, 102, 109],
       [ 92,  81, 122, 130, 117, 105,  72,  77],
       [128,  96, 171, 172, 144, 152, 100, 128],
       [ 77,  67, 113, 111,  89, 108,  68,  88],
       [ 97, 104,  87, 168, 106, 108,  78, 132],
       [ 95,  51, 107, 105,  82,  84,  89,  71],
       [143,  76, 118, 171, 139,  88, 107, 115],
       [100,  56, 116, 112, 106,  82,  65,  60]]), array([[ 9,  4,  9,  9,  2,  3,  8,  1],
       [ 5, 10,  2, 10,  3, 12,  6, 10],
       [11,  7,  5,  9,  9,  6,  9, 14],
       [11,  3,  8,  5, 13,  4, 10,  4],
       [ 5,  7, 11,  1,  2, 11, 11,  3],
       [ 7, 12,  5, 10, 10,  6,  0,  3],
       [10,  3, 11, 12,  8,  9, 11,  7],
       [ 9,  3,  9,  8,  7, 10,  3,  7]]))

Runtime: 0.015759706497192383