Broadcast-Gather

Nilai integral: [(array([[126, 159, 118, 118, 146,  70, 144,  35],
       [146, 171, 157, 139, 153,  89, 171,  65],
       [119, 105, 132, 108,  88,  80, 141,  38],
       [ 93, 118, 102,  77, 104,  43, 108,  53],
       [136, 133, 161, 141, 138,  80, 174,  38],
       [ 97, 138, 119, 106, 141,  53, 128,  54],
       [116, 137, 107, 101, 144,  65, 135,  46],
       [ 72,  86,  34,  24, 100,  11,  68,  29]]), array([[ 4,  3,  8,  4,  9,  6,  8,  7],
       [ 9,  8, 12,  6, 10,  7,  9,  5],
       [ 4, 14,  4,  5,  5,  7,  2,  4],
       [ 5, 10, 11,  8,  6,  7,  6,  1],
       [ 4, 14,  5,  9, 14,  9, 10,  3],
       [11, 10, 12, 13,  7,  8, 10,  2],
       [ 7,  7, 11, 10, 12,  2,  9,  5],
       [10,  0,  8,  0,  8,  2, 12,  5]])), (array([[ 92, 119,  53, 121,  75, 104,  49,  98],
       [ 54,  68,  30,  89,  63,  80,  52,  60],
       [ 88, 147,  79, 121,  89, 101,  50,  84],
       [ 59,  72,  45, 101,  67,  93,  54,  81],
       [118, 157, 114, 165,  79, 151,  64, 143],
       [ 62, 115,  95, 116,  80, 100,  55, 103],
       [128, 168,  97, 151,  98, 155,  72, 100],
       [ 92, 124,  82,  89,  70, 114,  49,  55]]), array([[ 5,  6,  4,  7,  5,  6,  8,  2],
       [ 9,  9,  2,  8,  6,  7,  6,  7],
       [ 5, 10, 11,  7,  5,  7,  8, 12],
       [ 6,  5,  5,  9,  8,  5,  8,  6],
       [ 7, 10,  4,  8,  5,  3, 10,  5],
       [ 7,  7,  4, 11,  9,  4,  9,  6],
       [ 7,  9,  2, 10, 11, 10,  9, 12],
       [ 5,  9,  6,  4,  7,  8,  1,  7]])), (array([[ 87,  59,  59,  57,  79,  77,  55,  94],
       [138,  86,  82, 101, 136, 119,  69, 153],
       [ 93,  83,  52,  79, 108, 112,  38,  99],
       [147, 135, 121, 141, 187, 177,  91, 153],
       [138,  84,  74,  89, 113, 131,  43, 127],
       [135,  68,  91,  54,  69,  85,  65,  99],
       [118, 102,  72, 101, 143, 138,  52, 120],
       [135,  95,  76,  98, 141, 142,  46, 122]]), array([[ 6,  5,  8,  7,  8, 12,  2,  9],
       [ 5,  5, 10, 11,  2, 10, 10,  8],
       [ 9,  2,  3,  4,  5,  7,  3, 12],
       [13,  7,  6,  3,  6,  7,  9, 11],
       [13,  6,  9,  9,  6,  8,  1,  5],
       [ 7,  5, 12,  7,  9,  6,  6,  7],
       [ 7,  2,  4,  5, 11,  5,  6, 11],
       [ 8,  7,  6,  4, 11,  9,  6,  8]])), (array([[ 93, 147, 133,  60, 137, 106, 106, 177],
       [ 63,  69,  83,  28,  52,  54,  61,  99],
       [ 86, 123, 124,  58, 101,  96,  95, 154],
       [ 57, 132, 113,  40, 135,  77,  82, 133],
       [102, 105, 109,  55, 108,  70, 108, 158],
       [ 75, 159, 134,  72, 161, 105, 109, 167],
       [ 54,  54,  56,  40, 115,  57,  89,  78],
       [ 48,  78,  59,  19,  51,  36,  43,  90]]), array([[ 3,  5,  7,  5,  9,  6, 11,  7],
       [ 4,  3,  2,  6,  6,  5,  6,  8],
       [ 2,  9,  4,  6,  4, 12,  7, 13],
       [ 7,  3, 13,  4,  6,  6,  4, 10],
       [ 3, 12, 13, 10, 12,  6,  5,  5],
       [ 8,  8, 10,  2,  7,  5, 10, 13],
       [ 8,  8,  4,  6,  4,  4,  7,  8],
       [ 0,  8, 11,  2,  9, 10,  2,  5]])), (array([[111,  75,  58,  83, 131,  69, 127, 128],
       [142, 148,  83, 134, 160,  68, 161, 163],
       [153, 120,  69, 114, 169,  70, 151, 127],
       [ 93,  88,  47,  86, 119,  52, 125,  90],
       [105, 113,  28,  81, 143,  57, 121,  85],
       [114,  64,  72,  90, 137,  66, 126, 120],
       [125,  85,  80, 115, 127,  68, 147, 129],
       [ 67,  49,  18,  45,  84,  57, 100,  63]]), array([[ 8,  0,  5,  6,  7, 11,  5,  7],
       [ 7,  1,  4, 10, 13,  7,  9,  6],
       [ 4,  9,  6,  6,  5,  7, 12,  9],
       [ 2, 13,  6,  8,  8,  4,  8,  5],
       [ 5, 10,  9, 14,  1,  0,  8,  8],
       [ 8,  6,  9,  5,  6,  8,  8, 12],
       [10, 12,  8,  7, 13,  7,  1,  7],
       [ 5,  6,  9,  5,  5,  5,  7, 11]])), (array([[ 89,  82, 117,  59,  35,  72, 114,  91],
       [122,  70,  81,  84,  51,  64, 117, 100],
       [115, 115, 114,  91,  46,  46, 127,  85],
       [ 97,  94, 123,  79,  34,  56,  83,  92],
       [162, 104, 123,  97,  43,  85, 132, 169],
       [113,  80, 116, 107,  52,  70, 127,  85],
       [ 86,  53, 106, 124,  56,  81, 107,  93],
       [114, 143, 147,  67,  45,  66, 137,  98]]), array([[12,  6,  7,  5,  1,  4, 11,  7],
       [ 3,  0,  7, 12,  8,  8,  3, 10],
       [ 7,  8,  9,  7,  8,  0,  4, 10],
       [ 9,  6,  6,  6,  3,  6,  9,  7],
       [11,  8,  9,  6,  7,  4, 13,  6],
       [12,  3,  3, 10,  7,  8,  2, 11],
       [ 4, 11,  5,  7,  2,  7,  6, 13],
       [ 8,  5, 12,  7,  3,  1, 11,  7]])), (array([[ 42,  54,  61,  50,  57,  38,  50,  69],
       [ 84,  92,  83,  82,  50,  30,  77,  93],
       [112, 110,  69, 114,  92,  66,  97, 124],
       [ 83, 111, 152, 141,  97,  66,  84, 165],
       [ 82,  60,  87,  86,  79,  57,  80,  87],
       [ 55,  76,  61,  90,  71,  47,  77, 111],
       [104,  85, 119,  98, 108,  76,  78, 154],
       [140, 149, 137, 120,  92,  55, 100, 125]]), array([[ 5,  3,  7,  5,  3,  3,  1, 12],
       [10, 13,  7,  8,  3,  1,  9,  3],
       [ 2,  4,  8, 12,  6,  4,  8, 10],
       [ 8,  7,  8,  9,  4,  9,  5, 11],
       [ 2,  6,  6,  5, 11,  5,  2, 10],
       [ 5, 10,  5, 12,  8,  1,  1,  5],
       [13,  4,  8,  4,  5,  1,  7,  9],
       [12, 10,  4,  5,  7, 12, 11,  7]])), (array([[116, 125,  62, 105, 103, 111,  62,  90],
       [131, 156,  77, 128, 153, 135,  71, 148],
       [139, 153, 107, 158, 102, 127, 116, 177],
       [143, 207, 101, 183, 155, 164, 111, 192],
       [118, 181,  78, 147, 164, 123,  97, 176],
       [ 95,  94,  63,  77,  88,  82,  62, 113],
       [ 22,  54,  39,  48,  23,  24,  33,  54],
       [111, 155,  97, 146,  94, 126,  73, 144]]), array([[ 5,  4, 12,  6,  2,  5, 11,  6],
       [ 3,  6,  4, 13,  6,  9, 13, 10],
       [13, 12,  7, 11,  0,  8,  6,  5],
       [ 7, 11,  9,  7, 14, 12,  7, 12],
       [ 2,  9,  4,  6, 12,  8, 10, 11],
       [ 5,  7,  2,  9,  9,  3,  6,  3],
       [11,  5,  1,  6,  7,  7,  3,  8],
       [ 4,  9, 12, 10,  6,  6,  3, 13]]))]

Runtime: 0.01202082633972168