Scatter

Nilai integral: (array([[64522, 62620, 66100, ..., 65779, 74384, 67829],
       [72183, 70687, 68770, ..., 71286, 73690, 74580],
       [68790, 56630, 56534, ..., 59337, 67610, 70882],
       ...,
       [69846, 65437, 67284, ..., 64259, 73479, 69931],
       [71712, 63677, 63209, ..., 65238, 68768, 73747],
       [71431, 62072, 54207, ..., 59259, 64781, 71981]]), array([[ 87,  76,  75, ...,  39,  21,  79],
       [ 44,  75,  56, ...,  34,  74,  50],
       [ 58,  23,  31, ...,  34,  43,  54],
       ...,
       [ 44,  69,  68, ...,  47,   6,  38],
       [103,  57,  63, ...,  29,  49,  76],
       [ 82,  41,  81, ...,  85,  57, 100]]))

Runtime: 0.0022110939025878906